1 37846 11060   16114.80315384 -.00000001  00000-0  00000+0 0          9992
2 37846  55.5173  83.4812        0005228 318.4494  41.4719  1.70474121 28050
1 37847 11060   16116.79075763  .00000006  00000-0  00000+0 0          9991
2 37847  55.5192  83.4244        0006279 305.1680 235.8405  1.70474363 28091
1 38857 12055   16116.60861199  .00000015  00000-0  00000+0 0         9994
2 38857  54.9388 203.6068        0004203 225.3320 134.6936  1.70473743 22014
1 38858 12055   16117.12966831  .00000016  00000-0  00000+0 0          9993
2 38858  54.9393 203.5909         0003203 222.0137 138.0222  1.70473777 21970
1 40128 14050   16117.40641175 -.00000038  00000-0  00000+0 0          9990
2 40128  50.0519  61.9358        1588849  48.7091 323.8687  1.85519002 11540
1 40129 14050   16117.13645892 -.00000041  00000-0  00000+0 0           9995
2 40129  50.1085  60.9279        1589156  49.8190 322.9931  1.85519544 11739
1 40544 15017   16116.34844468  .00000004  00000-0  00000+0 0          9990
2 40544  55.3062  83.7897        0003873 261.2168  98.7030  1.70475338  6695
1 40545 15017   16117.30509041  .00000008  00000-0  00000+0 0          9997
2 40545  55.3133  83.7718         0001538 252.0025 107.9471  1.70475560  6726
1 40889 15045   16117.54055192 -.00000033  00000-0  00000+0 0           9997
2 40889  57.2842 323.4436        0004232   9.5947 350.4422  1.70474335  3871
1 40890 15045   16110.72154116 -.00000047  00000-0  00000-0 0           9994
2 40890  57.2881 323.6271         0002860  17.1008 342.9490  1.70474345  3785
1 41174 15079   16116.16203105  .00000014  00000-0  00000+0 0            9996
2 41174  54.9525 203.3102         0004460 278.7344  73.3133  1.70474323  2192
1 41175 15079   16115.85206551  .00000013  00000-0  00000-0 0            9990
2 41175  54.9526 203.3139        0003778 273.3270 113.5396  1.70474346  2197