1 38752U 12046A   16069.12084413 -.00000018 +00000-0 +35820-3 0  9994
2 38752 010.1692  046.2223 6813304 077.9418 345.8439 02.681033360 34393
1 38752U 12046A   16070.23949271 -.00000025  00000-0  44777-3 0  9999
2 38752  10.1701  45.7150 6813091  78.9382 345.5250  2.68103426 34445
1 38752U 12046A   16071.73100557 -.00000052 +00000-0 +46634-3 0  9995
2 38752 010.1712 045.0384 6812760 080.2673 345.0835 02.681036380 34461
1 38752U 12046A   16072.47675803 -.00000067  00000-0  46565-3 0  9997
2 38752  10.1717  44.6998 6812605  80.9318 344.8593  2.68103750 34501
1 38752U 12046A   16073.22250969 -.00000080 +00000-0 +46099-3 0  9990
2 38752 010.1722 044.3612 6812460 081.5961 344.6346 02.681038530 34505
1 38752U 12046A   16074.34112991 -.00000089 +00000-0 +48935-3 0  9996
2 38752 010.1732 043.8545 6812268 082.5917 344.2989 02.681046040 34530
1 38752U 12046A   16075.08688099 -.00000064  00000-0  76862-3 0  9998
2 38752  10.1735  43.5157 6812170  83.2557 344.0760  2.68104774 34576
1 38752U 12046A   16075.45975689 -.00000066 +00000-0 +73792-3 0  9994
2 38752 010.1737 043.3466 6812121 083.5875 343.9648 02.681047860 34566
1 38752U 12046A   16076.95125674 -.00000066 +00000-0 +56846-3 0  9992
2 38752 010.1744 042.6712 6811974 084.9126 343.5191 02.681049690 34606
1 38752U 12046A   16077.32413115 -.00000031  00000-0  88003-3 0  9996
2 38752  10.1745  42.5005 6811908  85.2461 343.4056  2.68105016 34630
1 38752U 12046A   16078.44274594 -.00000016 +00000-0 +82359-3 0  9997
2 38752 010.1751 041.9928 6811779 086.2417 343.0617 02.681051540 34645
1 38752U 12046A   16079.56134796 -.00000011  00000-0  67635-3 0  9995
2 38752  10.1757  41.4850 6811635  87.2373 342.7066  2.68105320  34697
1 38752U 12046A   16079.93421167 -.00000011 +00000-0 +62722-3 0  9999
2 38752 010.1760 041.3156 6811575 087.5695 342.5850 02.681053890  34685
