1 29670  06062    16120.78423720  .00000010  00000-0  10000-3 0             9996
2 29670  65.6533 318.7811           0022275 351.2632 150.8941  2.13104947 72720
1 29671  06062    16120.77305285  .00000010  00000-0  10000-3 0             9991
2 29671  65.6709 318.8619           0016502 156.9632 197.8805  2.13103070 72725
1 29672  06062    16120.74427064  .00000010  00000-0  10000-3 0             9999
2 29672  65.6530 318.7922           0015820 155.8587 353.3234  2.13102186 72725
1 32275  07052    16120.52309919  .00000037  00000-0  10000-3 0             9995
2 32275  65.3176  79.5760           0004838 286.0808 207.7249  2.13104859 66239
1 32276  07052    16120.04028289  .00000037  00000-0  10000-3 0             9991
2 32276  65.3296  79.6570           0014131 332.2351 105.0752  2.13104287 66220
1 32393  07065    16120.70325809  .00000009  00000-0  00000+0 0             9990
2 32393  65.2726 318.1293           0005638  89.5215  74.8806  2.13102833 64948
1 32395  07065    16120.58327785  .00000009  00000-0  10000-3 0             9998
2 32395  65.2855 318.1752           0018222   0.4047 163.9651  2.13102886 64879
1 36111  09070    16120.76936891  .00000017  00000-0  00000+0 0             9994
2 36111  64.1820 197.7230           0004727 308.5350  75.9076  2.13102941 49615
1 36112  09070    16120.15466608  .00000018  00000-0  00000+0 0             9993
2 36112  64.1641 197.6724           0006727 171.7667 231.5841  2.13101637 49607
1 36113  09070    16121.05891105  .00000017  00000-0  10000-3 0             9992
2 36113  64.1696 197.6463           0001072 347.5221  76.9797  2.13102129 49625
1 36400  10007    16120.13331979  .00000036  00000-0  10000-3 0             9990
2 36400  65.2254  78.7462           0030225 349.7811  70.7602  2.13102438 47959
1 36401  10007    16120.40898610  .00000035  00000-0  10000-3 0             9990
2 36401  65.2183  78.7189           0005335  46.7298 135.8436  2.13102486 47955
1 36402  10007    16120.95651772  .00000035  00000-0  10000-3 0             9997
2 36402  65.2087  78.6778           0002638 310.6863 333.8977  2.13101937 47967
1 37139  10041    16120.40189528  .00000007  00000-0  00000+0 0             9992
2 37139  64.8793 318.3327           0024386  16.0427 144.8500  2.13102610 44031
1 37829  11055    16120.35444082  .00000017  00000-0  00000+0 0             9998
2 37829  64.5063 198.1295           0008697 251.8087  35.9439  2.13101985 35596
1 37867  11064    16121.14683079  .00000017  00000-0  00000+0 0             9999
2 37867  64.4860 198.1852           0017718 247.1861 334.2802  2.13102191 34962
1 37868  11064    16120.13584322  .00000018  00000-0  00000+0 0             9990
2 37868  64.4951 198.2589           0015375 248.1794  97.0238  2.13101884 34892
1 37869  11064    16120.18199803  .00000017  00000-0  00000+0 0             9991
2 37869  64.5022 198.2453           0020993 275.0892  61.6226  2.13102038 34901
1 39155  13019    16120.46144164  .00000017  00000-0  00000+0 0             9994
2 39155  64.6555 198.1476           0017765 241.6588 219.1472  2.13102054 23427
1 39620  14012    16120.48742742  .00000042  00000-0  17821+2 0             9992
2 39620  65.0974  78.6885           0017756 329.4590 184.3605  2.13103735 16372
1 40001  14032    16120.10773743  .00000035  00000-0  00000+0 0             9994
2 40001  65.0373  78.7296           0006059 231.5401 214.8115  2.13103006 14582
1 40315  14075    16120.06061470  .00000003  00000-0  00000+0 0             9996
2 40315  64.6442 319.8160           0015799 235.7148 335.9339  2.13101523 10981
1 41330  16008    16120.72425556  .00000035  00000-0  00000+0 0             9999
2 41330  64.8376  78.9569           0009474 231.7119 146.5228  2.13103578  1761
