COSMOS 2419 (714)       
1 28915C 05050A   15102.99981482  .00000005  00000-0  00000-0 0  1025
2 28915  65.1456  92.7275 0017824 343.4807 190.6737  2.13107206    13
COSMOS 2425 (716)       
1 29670C 06062A   16115.99980324  .00000000  00000-0  00000-0 0  1156
2 29670  65.6562 318.9421 0022148 351.7129  79.9620  2.13105094    18
COSMOS 2426 (717)       
1 29671C 06062B   16115.99980324  .00000000  00000-0  00000-0 0  1157
2 29671  65.6734 319.0228 0016651 157.0163 135.9561  2.13103173    17
COSMOS 2424 (715)       
1 29672C 06062C   16115.99980324  .00000000  00000-0  00000-0 0  1158
2 29672  65.6579 318.9521 0016059 155.4542 313.9529  2.13102386    11
COSMOS 2433 (720)       
1 32275C 07052A   16115.99980324  .00000003  00000-0  00000-0 0  1154
2 32275  65.3154  79.7296 0004599 287.8866 335.7646  2.13105021    17
COSMOS 2432 (719)       
1 32276C 07052B   16115.99980324  .00000003  00000-0  00000-0 0  1155
2 32276  65.3275  79.7944 0014078 332.9474 244.6211  2.13104426    16
COSMOS 2434 (721)       
1 32393C 07065A   16115.99980324  .00000000  00000-0  00000-0 0  1156
2 32393  65.2750 318.2903 0005855  91.8997  64.1746  2.13103067    11
COSMOS 2436 (723)       
1 32395C 07065C   16062.99980324 -.00000007  00000-0  00000-0 0   628
2 32395  65.3089 320.1398 0019025 356.0072 272.2995  2.13102772    13
COSMOS 2456 (730)       
1 36111C 09070A   16115.99980324 -.00000003  00000-0  00000-0 0  1150
2 36111  64.1818 197.8874 0005038 306.4232  18.9472  2.13102963    11
COSMOS 2457 (733)       
1 36112C 09070B   16115.99980324 -.00000003  00000-0  00000-0 0  1151
2 36112  64.1637 197.8158 0006721 174.4775 281.4020  2.13101554    12
COSMOS 2458 (734)       
1 36113C 09070C   16115.99980324 -.00000003  00000-0  00000-0 0  1152
2 36113  64.1692 197.8210 0001225 323.3199 179.9958  2.13102139    13
COSMOS 2459 (731)       
1 36400C 10007A   16115.99980324  .00000003  00000-0  00000-0 0  1152
2 36400  65.2232  78.8872 0030181 349.9652 139.4858  2.13102451    14
COSMOS 2461 (735)       
1 36401C 10007B   16045.99980324  .00000004  00000-0  00000-0 0   458
2 36401  65.1827  81.2403 0004175  55.5750 282.8771  2.13102014    17
COSMOS 2460 (732)       
1 36402C 10007C   16111.99980324  .00000004  00000-0  00000-0 0  1117
2 36402  65.2050  78.9817 0002518 313.0812 300.2372  2.13102182    17
COSMOS 2466 (738)       
1 37137C 10041A   16115.99980324  .00000000  00000-0  00000-0 0  1155
2 37137  64.8817 318.4854 0024248  16.5908   7.1696  2.13102746    15
COSMOS 2465 (737)       
1 37138C 10041B   16043.99980324 -.00000008  00000-0  00000-0 0   435
2 37138  64.9045 320.9819 0032775 168.1930 238.1478  2.13102494    16
COSMOS 2464 (736)       
1 37139C 10041C   16115.99980324  .00000000  00000-0  00000-0 0  1157
2 37139  64.6464 319.9582 0015761 234.8603 101.4880  2.13101696    10
COSMOS 2471 (701)       
1 37372C 11009A   15102.99981482  .00000005  00000-0  00000-0 0  1023
2 37372  65.0467  91.6145 0009103 244.7626 140.3995  2.13102629    10
COSMOS 2474 (742)       
1 37829C 11055A   16115.99980324 -.00000003  00000-0  00000-0 0  1153
2 37829  64.5061 198.2781 0009046 252.4041 294.6156  2.13101948    19
COSMOS 2476 (744)       
1 37867C 11064A   16115.99980324 -.00000003  00000-0  00000-0 0  1155
2 37867  64.4861 198.3606 0017930 247.4842 345.3507  2.13102089    10
COSMOS 2477 (745)       
1 37868C 11064B   16115.99980324 -.00000003  00000-0  00000-0 0  1156
2 37868  64.4944 198.4004 0015866 248.8671 163.3042  2.13101904    14
COSMOS 2475 (743)       
1 37869C 11064C   16115.99980324 -.00000003  00000-0  00000-0 0  1157
2 37869  64.5018 198.3878 0021331 275.0510  93.2194  2.13102026    19
COSMOS 2478 (746)       
1 37938C 11071A   16115.99980324  .00000003  00000-0  00000-0 0  1151
2 37938  64.8355  79.1200 0009225 230.7714 123.0039  2.13103647    10
COSMOS 2485 (747)       
1 39155C 13019A   16115.99980324 -.00000003  00000-0  00000-0 0  1159
2 39155  64.6554 198.2991 0018168 242.4074  35.5790  2.13102108    19
COSMOS 2492 (754)       
1 39620C 14012A   16115.99980324  .00000003  00000-0  00000-0 0  1159
2 39620  65.0953  78.8423 0017646 330.3235 340.7240  2.13103633    18
COSMOS 2500 (755)       
1 40001C 14032A   16115.99980324  .00000003  00000-0  00000-0 0  1156
2 40001  65.0355  78.8706 0005836 230.3056 304.5715  2.13103121    18
